6255.0	6510.0	6765.0	7020.0	7275.0	7530.0	7785.0	8040.0	
6510.0	6780.0	7050.0	7320.0	7590.0	7860.0	8130.0	8400.0	
6765.0	7050.0	7335.0	7620.0	7905.0	8190.0	8475.0	8760.0	
7020.0	7320.0	7620.0	7920.0	8220.0	8520.0	8820.0	9120.0	
7275.0	7590.0	7905.0	8220.0	8535.0	8850.0	9165.0	9480.0	
7530.0	7860.0	8190.0	8520.0	8850.0	9180.0	9510.0	9840.0	
7785.0	8130.0	8475.0	8820.0	9165.0	9510.0	9855.0	10200.0	
8040.0	8400.0	8760.0	9120.0	9480.0	9840.0	10200.0	10560.0	
